n_points 51
0 0.000000
1 0.020000
2 0.040000
3 0.060000
4 0.080000
5 0.100000
6 0.120000
7 0.140000
8 0.160000
9 0.180000
10 0.200000
11 0.220000
12 0.240000
13 0.260000
14 0.280000
15 0.300000
16 0.320000
17 0.340000
18 0.360000
19 0.380000
20 0.400000
21 0.420000
22 0.440000
23 0.460000
24 0.480000
25 0.500000
26 0.520000
27 0.540000
28 0.560000
29 0.580000
30 0.600000
31 0.620000
32 0.640000
33 0.660000
34 0.680000
35 0.700000
36 0.720000
37 0.740000
38 0.760000
39 0.780000
40 0.800000
41 0.820000
42 0.840000
43 0.860000
44 0.880000
45 0.900000
46 0.920000
47 0.940000
48 0.960000
49 0.980000
50 1.000000
